0 1 2 3 4 5 6 7 8 9
PD28690_36 0.00248501248959201 0.757299333888426 0.169510407993339 0.0614338051623647 0.002507493755204 0.00186719400499584 0.00122231473771857 0.00154079933388843 0.00206328059950042 7.03580349708576e-05
PD28690_9 0.00130763444904099 0.743279428356525 0.185334336216623 0.0536615268898082 0.00134110567882663 0.00980142910868748 0.00370552839413313 0.00102294095524633 0.00035238811583302 0.00019368183527642
PD28690_17 0.0227955862683905 0.674918858671422 0.112159830584039 0.102968345965225 0.0479070441373161 0.00245296477931342 0.0349721355327686 0.00159629959875167 0.000193490860454748 3.54436023183237e-05
PD28690_37 0.00382481315396114 0.74794798206278 0.158707922272048 0.0122872944693572 0.010732735426009 0.00207085201793722 0.062270553064275 0.00106547085201794 0.00103318385650224 5.91928251121076e-05
PD28690_8 0.00989027345102111 0.706485635167878 0.137530979577709 0.027140879196954 0.104450328833506 0.00193838698511596 0.0106244375216338 0.00138629283489097 0.000434060228452752 0.000118726202838352
PD28690_5 0.0189448455096737 0.691498411781692 0.172853595148715 0.0386043892578689 0.0578717874675137 0.0102211954952353 0.00582818365578978 0.00245163153335258 0.00165550101068438 7.04591394744441e-05
PD28690_19 0.00228811107897021 0.692820075209719 0.243529939253688 0.027480185131617 0.00164448944171247 0.002837431298814 0.0279780156204802 0.00098756146948221 0.000335261787677177 9.89297078391669e-05
PD28690_15 0.0129955156950673 0.653903587443946 0.148661434977578 0.0228565022421525 0.0208161434977578 0.010627802690583 0.125331838565022 0.00342825112107623 0.00125560538116592 0.000123318385650224
PD28690_14 0.0101832657788072 0.724370874348581 0.181972206137811 0.0472640416907933 0.00412970469021424 0.00545946728430805 0.0243300521134916 0.00197452229299363 0.000214533873769543 0.000101331789229878
PD28690_21 0.0173255944055944 0.71266013986014 0.16642993006993 0.0484097902097902 0.0288439160839161 0.00277958041958042 0.0210629370629371 0.00220167832167832 0.000213986013986014 7.24475524475524e-05
PD28690_2 0.0284806587514362 0.758788203753351 0.11367253925699 0.0344228265032555 0.0195572577556492 0.00327384144006128 0.0384569130601302 0.00260551512830333 0.000548831865185753 0.000193412485637687
PD28690_18 0.00320904325032765 0.741810943643512 0.193874508519004 0.0338499344692005 0.00304882044560944 0.0100632372214941 0.0118479685452163 0.00149639580602883 0.000413499344692005 0.00038564875491481
PD28690_20 0.00405497131931166 0.649984225621415 0.0515724187380497 0.0456684990439771 0.212587476099426 0.00301768642447419 0.0276914435946463 0.00450454110898662 0.000875956022944551 4.27820267686424e-05
PD28690_39 0.00511111111111111 0.766658777120316 0.207804076265615 0.0116738987508218 0.00284615384615385 0.00267652859960552 0.000938856015779093 0.00178040762656147 0.000344510190664037 0.000165680473372781
PD28690_10 0.00742307692307692 0.69895905707196 0.085848635235732 0.0425732009925558 0.0026985111662531 0.0033287841191067 0.155129032258065 0.00267369727047146 0.00116997518610422 0.000196029776674938
PD28690_1 0.00742278564372736 0.673381626605203 0.234492920645374 0.0723407968389858 0.00289002304906157 0.0031162331247942 0.00383174185051037 0.00227296674349687 0.000196904840302931 5.40006585446164e-05
PD28690_3 0.00325923787528868 0.735607967667437 0.161766166281755 0.014094688221709 0.0677938799076212 0.00157390300230947 0.0137707852193995 0.00147863741339492 0.000478637413394919 0.000176096997690531
PD28690_4 0.00288833333333333 0.670416388888889 0.200228611111111 0.0782611111111111 0.00622083333333333 0.00766888888888889 0.0320897222222222 0.00162972222222222 0.000409166666666667 0.000187222222222222
PD28690_6 0.0229518244013683 0.690098061573546 0.158993443557583 0.0681875712656785 0.0228688711516534 0.0268281071835804 0.00513911060433295 0.00358437856328392 0.00113568985176739 0.000212941847206385
PD28690_11 0.00325692695214106 0.70867758186398 0.0767027707808564 0.0132141057934509 0.00279093198992443 0.00294458438287154 0.189125944584383 0.00252392947103275 0.000599496221662468 0.000163727959697733
PD28690_7 0.0100080893682589 0.684118644067797 0.161808551617874 0.0647361325115562 0.0093382126348228 0.00659476117103236 0.0615427580893683 0.00130161787365177 0.000362095531587057 0.000189137134052388
PD28690_16 0.026717277486911 0.683539267015707 0.0485287958115183 0.168057591623037 0.0237591623036649 0.00717801047120419 0.0293246073298429 0.00984293193717277 0.00245549738219895 0.000596858638743456
PD34200_2 0.00355693950177936 0.691634045077106 0.249664887307236 0.0393493475682088 0.00155160142348754 0.00414887307236062 0.00345907473309609 0.00308659549228944 0.00327342823250297 0.000275207591933571
PD34200_5 0.0117279362972794 0.720955540809555 0.225482415394824 0.015777704047777 0.00222229595222296 0.00901061712010617 0.00142468480424685 0.00514067684140677 0.0081506303915063 0.000107498341074983
PD34200_1 0.00591084165477889 0.732148359486448 0.223639800285307 0.0262888730385164 0.00207061340941512 0.00486519258202568 0.000796718972895863 0.00338017118402282 0.000853067047075606 4.63623395149786e-05
PD34200_3 0.00238633686690224 0.718820376914016 0.228598939929329 0.0409234393404005 0.00178504122497055 0.00232155477031802 0.00158186101295642 0.00252826855123675 0.000951118963486455 0.000103062426383981
PD34200_4 0.0105691922354415 0.691757044458359 0.240964934251722 0.0157795867251096 0.0314120225422668 0.00432122730118973 0.00122542266750157 0.00258422041327489 0.00130181590482154 8.4533500313087e-05
PD37266_3 0.0154675767918089 0.56046903949293 0.250898586055583 0.00289127254997562 0.0370121891760117 0.00360994636762555 0.000766942954656265 0.0016962457337884 0.127036079960995 0.000152120916626036
PD37266_6 0.0242527075812274 0.594315433212996 0.188959837545126 0.0190785198555957 0.0250789711191336 0.00697924187725632 0.00100135379061372 0.0111069494584838 0.128832581227437 0.000394404332129964
PD37266_2 0.00545429141716567 0.620009580838323 0.204112175648703 0.0660183632734531 0.0115864271457086 0.00265149700598802 0.00107265469061876 0.00217804391217565 0.0868910179640719 2.59481037924152e-05
PD37266_4 0.0145972531551596 0.629584261321455 0.182112843355605 0.0197557535263549 0.0173147735708983 0.00347067557535264 0.000652190051967335 0.0134302152932442 0.118779510022272 0.000302524127691166
PD37266_1 0.00703480392156863 0.623672549019608 0.184780392156863 0.0104617647058824 0.0083828431372549 0.00457303921568627 0.00125833333333333 0.00792549019607843 0.151789215686275 0.00012156862745098
PD37266_5 0.00710025706940874 0.745804627249357 0.15262853470437 0.012413881748072 0.00373393316195373 0.0105321336760925 0.00137275064267352 0.00898714652956298 0.0573714652956298 5.52699228791774e-05
PD37449_2 0.014646017699115 0.638420353982301 0.240451327433628 0.0615287610619469 0.0045353982300885 0.00936061946902655 0.00363495575221239 0.0142942477876106 0.0130176991150442 0.000110619469026549
PD37449_4 0.011754358974359 0.705997948717949 0.0751435897435897 0.112901538461538 0.00474769230769231 0.00355282051282051 0.00227948717948718 0.018685641025641 0.0648733333333333 6.35897435897436e-05
PD37449_1 0.0151390887290168 0.667193645083933 0.117697242206235 0.0543573141486811 0.0412230215827338 0.00701258992805755 0.00201498800959233 0.0655647482014388 0.0296786570743405 0.000118705035971223
PD37449_10 0.00705707196029777 0.72304776674938 0.15572270471464 0.0423343672456576 0.00358002481389578 0.00566997518610422 0.0015545905707196 0.00247332506203474 0.0584578163771712 0.000102357320099256
PD37449_9 0.0172645739910314 0.662711509715994 0.111307922272048 0.109321375186846 0.00682511210762332 0.0763677130044843 0.00339760837070254 0.00464275037369208 0.00786846038863976 0.000292974588938715
PD37449_16 0.00429285714285714 0.686614285714286 0.0773955357142857 0.0230794642857143 0.00278839285714286 0.00340982142857143 0.00469910714285714 0.0132875 0.183710714285714 0.000722321428571429
PD37449_7 0.0167483258928571 0.536129464285714 0.138618303571429 0.0736501116071429 0.202400111607143 0.00705970982142857 0.0164241071428571 0.00545200892857143 0.00233203125 0.00118582589285714
PD37449_5 0.00585060975609756 0.619056707317073 0.14669512195122 0.042544512195122 0.0325762195121951 0.00575853658536585 0.00285487804878049 0.0299707317073171 0.114307317073171 0.000385365853658537
PD37449_3 0.00340922190201729 0.709527377521614 0.115240634005764 0.157801152737752 0.00179106628242075 0.0044193083573487 0.00319596541786743 0.00351008645533141 0.000903458213256484 0.000201729106628242
PD37449_6 0.00639840637450199 0.783969123505976 0.117410358565737 0.048503984063745 0.00365637450199203 0.0140308764940239 0.00481573705179283 0.00899302788844621 0.0117709163346614 0.000451195219123506
PD37449_8 0.0248343949044586 0.703865534324133 0.158157820240623 0.067138711960368 0.0151507430997877 0.0107048832271762 0.00773743807501769 0.00908775654635527 0.00325902335456476 6.36942675159236e-05
PD37449_18 0.00396153846153846 0.340163461538462 0.0365576923076923 0.00627884615384615 0.00317307692307692 0.00657692307692308 0.000923076923076923 0.00678846153846154 0.595192307692308 0.000384615384615385
PD41851_9 0.0228112346735101 0.565420444824636 0.190896920444825 0.0663949244368406 0.146382378100941 0.00335685771314514 0.000894781864841745 0.00230581693755346 0.00146749358426005 6.91474194468206e-05
PD41851_3 0.00463513513513514 0.50549005609383 0.226689954105048 0.0127819989801122 0.244174910759816 0.00288755736868944 0.00122106068332483 0.00122972972972973 0.000416369199388067 0.000473227944926058
PD41851_8 0.0156512810085401 0.589136234241562 0.222399959333062 0.0449168361122407 0.0882651484343229 0.00331679544530297 0.0268265555103701 0.00896400976006507 0.000382472549816999 0.000140707604717365
PD41851_2 0.0208150111607143 0.571761439732143 0.247259207589286 0.057029296875 0.0827809709821429 0.00624776785714286 0.00832449776785714 0.00452845982142857 0.00119782366071429 5.55245535714286e-05
PD41851_7 0.00689420884632923 0.592598495212038 0.235851801185591 0.0696830825353397 0.0828426812585499 0.00461171910624715 0.00499612403100775 0.00191153670770634 0.000552439580483356 5.79115367077063e-05
PD41851_5 0.00737209908735333 0.661319426336376 0.229461799217731 0.0425543676662321 0.047845371577575 0.00228161668839635 0.00599608865710561 0.0025728813559322 0.000571056062581486 2.52933507170795e-05
PD41851_4 0.0279329284393979 0.667129125957222 0.244858199102192 0.0233105360443623 0.0193546342751518 0.00354264589384737 0.0107388434116715 0.00263929231581727 0.000442830736730922 5.09638236070768e-05
PD41851_1 0.0194244139046079 0.61035273511183 0.257160873080032 0.0559444893559687 0.0463252492589599 0.00395984909727836 0.00378954459714363 0.00200242522231205 0.000932093775262732 0.000108326596604689
PD41851_11 0.00230589651022864 0.532326835138388 0.191136221419976 0.0369222623345367 0.228075812274368 0.0039812274368231 0.000593261131167268 0.00214801444043321 0.00244933814681107 6.11311672683514e-05
PD41851_6 0.00416881355932203 0.602016271186441 0.174760451977401 0.064109604519774 0.140278644067797 0.0082406779661017 0.00229943502824859 0.00242892655367232 0.00147728813559322 0.000219887005649718
PD41851_10 0.00716338582677165 0.605307742782152 0.226001749781277 0.0685129046369204 0.0814041994750656 0.00207589676290464 0.00695100612423447 0.00207808398950131 0.000463692038495188 4.13385826771654e-05
PD41851_14 0.0157257383966245 0.716561181434599 0.198666666666667 0.0302362869198312 0.0109746835443038 0.0100084388185654 0.00559915611814346 0.010126582278481 0.00189451476793249 0.000206751054852321
PD41852_10 0.0290465334900117 0.738501292596945 0.144698942420682 0.0248451233842538 0.0313755581668625 0.00345922444183314 0.0217863689776733 0.00272808460634548 0.00342820211515864 0.000130669800235018
PD41852_1 0.0165438202247191 0.603133988764045 0.311099438202247 0.0507952247191011 0.00832331460674157 0.00310730337078652 0.00263904494382022 0.00309915730337079 0.00121629213483146 4.24157303370787e-05
PD41852_9 0.00384178870292887 0.684175209205021 0.204911087866109 0.0378556485355649 0.0559061192468619 0.00349973849372385 0.000850418410041841 0.00597672594142259 0.00281328451882845 0.000169979079497908
PD41852_3 0.012751721344674 0.652275820170109 0.274969623329283 0.0291466180639935 0.0180805994329688 0.00855042527339004 0.00158161198865938 0.00219279060348319 0.000374240583232078 7.65492102065614e-05
PD41852_2 0.0059594546106925 0.650667743092932 0.234719052744887 0.0652859705776821 0.00505740940078938 0.00527125941872982 0.0293649085037675 0.00307140294223179 0.000526013634732688 7.67850735557948e-05
PD41852_4 0.0103062261753494 0.655728081321474 0.204218551461245 0.0353372299872935 0.0711013977128335 0.00395832274459975 0.00695273189326557 0.0110899618805591 0.00101829733163914 0.000289199491740788
PD41852_11 0.0058461340868225 0.719721037760082 0.195072694580015 0.0398127408168508 0.0278189057282302 0.00132879527356794 0.00684998715643463 0.00271538659131775 0.000796044181864886 3.82738248137683e-05
PD41852_8 0.00387111111111111 0.697738412698413 0.230636825396825 0.0536574603174603 0.00132285714285714 0.00254920634920635 0.0069952380952381 0.00203206349206349 0.0011168253968254 8e-05
PD41852_6 0.0123940520446097 0.670623296158612 0.22698667905824 0.00956195786864932 0.0657001239157373 0.0042134448574969 0.004090458488228 0.00579429987608426 0.000328686493184634 0.000307001239157373
PD41852_17 0.0166076443057722 0.626163806552262 0.158252730109204 0.0669274570982839 0.120329953198128 0.0055390015600624 0.00138065522620905 0.00366458658346334 0.000979719188767551 0.000154446177847114
PD41852_5 0.00915564087418783 0.709807442409923 0.240860011813349 0.0192728883638512 0.0120073833431778 0.00224128765505021 0.00431393975191967 0.00146574128765505 0.000785883047844064 8.97814530419374e-05
PD41852_7 0.00710700636942675 0.734463057324841 0.167982484076433 0.00873662420382166 0.0453433121019108 0.00940573248407643 0.022193949044586 0.00336178343949045 0.000710191082802548 0.000695859872611465
PD41852_19 0.00589210526315789 0.773939473684211 0.177194736842105 0.0155131578947368 0.00772368421052632 0.00502368421052632 0.00537368421052632 0.00481578947368421 0.00428947368421053 0.000234210526315789
PD41853_6 0.00265625 0.835189385775862 0.142355603448276 0.0104512392241379 0.000980603448275862 0.00126966594827586 0.00608432112068966 0.000722790948275862 0.000254310344827586 3.58297413793103e-05
PD41853_3 0.0219132765689057 0.705496688741722 0.20614601072217 0.00246452223273415 0.0480378429517502 0.00366225165562914 0.00126048565121413 0.00940239672027752 0.00126647745190792 0.000350047303689688
PD41853_11 0.01529963122311 0.742610018438845 0.211165334972342 0.00186447449293178 0.023999078057775 0.00219637369391518 0.000597725875845114 0.00180823601720959 0.000378303626306085 8.08236017209588e-05
PD41853_8 0.0170787037037037 0.771481481481481 0.18295524691358 0.00438950617283951 0.0156962962962963 0.00247098765432099 0.0015929012345679 0.00277067901234568 0.00140277777777778 0.00016141975308642
PD41853_14 0.00200548245614035 0.768952119883041 0.216848684210526 0.00661330409356725 0.000994883040935672 0.00217214912280702 0.00099780701754386 0.00107383040935673 0.00031469298245614 2.7046783625731e-05
PD41853_5 0.01150176 0.72956768 0.23217504 0.00326016 0.01546208 0.0024352 0.00354496 0.00125632 0.00073728 5.952e-05
PD41853_10 0.00423398424117849 0.705390544707092 0.27473381294964 0.00574511819116136 0.00116478245974649 0.00160020554984584 0.00375231243576567 0.00248715313463515 0.000831791709489551 6.02946214457006e-05
PD41853_9 0.0167862513426423 0.650824919441461 0.298334407447189 0.00521947726459005 0.0224171142141067 0.00360973863229502 0.000553884711779449 0.00176369495166488 0.000447905477980666 4.26065162907268e-05
PD41853_4 0.00439464108501489 0.753107839894145 0.231038703274892 0.00266027125372147 0.00281243797552101 0.00251935163744625 0.000480317565332451 0.00214555077737347 0.000757856434005954 8.30301025471386e-05
PD41853_2 0.002279324055666 0.905292246520875 0.076434393638171 0.00696918489065606 0.00133300198807157 0.00238071570576541 0.001220675944334 0.00291948310139165 0.000877733598409543 0.00029324055666004
PD41853_7 0.0223549374840521 0.668283745853534 0.151126307731564 0.00527660117376882 0.141392957387089 0.00346261801479969 0.00372875733605512 0.00265680020413371 0.00156851237560602 0.000148762439397806
PD41853_1 0.0039038208168643 0.872847167325428 0.100383399209486 0.00506851119894598 0.000942028985507246 0.00569038208168643 0.00122002635046113 0.00757444005270092 0.00220816864295125 0.000162055335968379
PD41853_18 0.00435849056603774 0.928301886792453 0.0441320754716981 0.00577358490566038 0.0040188679245283 0.0049622641509434 0.00188679245283019 0.00532075471698113 0.00107547169811321 0.000169811320754717
PD42833_3 0.0173922783603432 0.622900381315539 0.220926596758818 0.125704003813155 0.00212392755004766 0.00344613918017159 0.00149475691134414 0.00529647283126787 0.00047998093422307 0.000235462345090562
PD42833_1 0.00882377516141284 0.663105203190277 0.165685529813901 0.136491834409419 0.00212761109001139 0.00251955943790353 0.00217546524876567 0.0164097987086973 0.00242043296619825 0.000240789973414356
PD42833_2 0.0067743288590604 0.634776426174497 0.191345218120805 0.133272651006711 0.00305872483221477 0.0179828020134228 0.00238464765100671 0.00469756711409396 0.00105788590604027 0.00464974832214765
PD42833_9 0.0066374269005848 0.719119298245614 0.15800701754386 0.0912818713450292 0.00199415204678363 0.0122982456140351 0.0066 0.00300350877192982 0.000470175438596491 0.000588304093567251
PD42833_11 0.0190193798449612 0.645341085271318 0.143612403100775 0.147286821705426 0.00810852713178295 0.0172480620155039 0.00261240310077519 0.0130503875968992 0.00344573643410853 0.000275193798449612
PD42833_5 0.00861919504643963 0.643139318885449 0.241934984520124 0.0718544891640867 0.00654798761609907 0.00345201238390093 0.0152414860681115 0.00778328173374613 0.00135913312693498 6.81114551083591e-05
PD42833_10 0.0321164383561644 0.767547945205479 0.0941369863013699 0.0315753424657534 0.0290342465753425 0.00788356164383562 0.00608219178082192 0.00558219178082192 0.00363698630136986 0.0224041095890411
PD42833_4 0.0540936329588015 0.615651685393258 0.242588014981273 0.0221011235955056 0.0400898876404494 0.00916104868913858 0.00428464419475655 0.0101685393258427 0.00165168539325843 0.000209737827715356
PD42834_4 0.074940830449827 0.554231487889273 0.217513494809689 0.116724567474048 0.00214602076124567 0.00652525951557093 0.00830103806228374 0.0168543252595156 0.00266193771626298 0.000101038062283737
PD42834_3 0.00755802792321117 0.625995636998255 0.187418411867365 0.14554057591623 0.00204581151832461 0.0081348167539267 0.0150837696335079 0.00648211169284468 0.00165532286212914 8.55148342059337e-05
PD42834_7 0.0202361111111111 0.573156156156156 0.29429542042042 0.0841557807807808 0.00715690690690691 0.00647334834834835 0.00181831831831832 0.00598723723723724 0.00662537537537538 9.53453453453453e-05
PD42834_2 0.0180545842217484 0.561349253731343 0.258266524520256 0.0889543710021322 0.00428955223880597 0.0121884861407249 0.00856673773987207 0.00999402985074627 0.0382004264392324 0.000136034115138593
PD42834_1 0.00562306306306306 0.599352072072072 0.216352432432432 0.15906018018018 0.00141513513513514 0.00415711711711712 0.00263171171171171 0.0109027027027027 0.000452252252252252 5.33333333333333e-05
PD42834_5 0.0246799719887955 0.577515756302521 0.185046218487395 0.148074929971989 0.0194467787114846 0.0153536414565826 0.0182307422969188 0.00886624649859944 0.00268102240896359 0.0001046918767507
PD42834_6 0.0204610462928114 0.540035001881822 0.222196462175386 0.143784719608581 0.0206319156943922 0.0273718479488145 0.0197696650357546 0.00396838539706436 0.00149115543846443 0.000289800526910049
PD42834_12 0.00832515337423313 0.623441717791411 0.264033742331288 0.0662453987730061 0.00329447852760736 0.0172269938650307 0.005 0.00928834355828221 0.00246932515337423 0.000674846625766871
PD42835_7 0.0184954280964256 0.543347464671654 0.27754280964256 0.0287527015793849 0.013859102244389 0.0374700748129676 0.004571072319202 0.0173894430590191 0.0573678304239401 0.00120407315045719
PD42835_5 0.0131450800915332 0.586477803203661 0.331043020594966 0.0222764302059497 0.0171766590389016 0.0176562929061785 0.00626544622425629 0.00407093821510298 0.000953318077803204 0.000935011441647597
PD42835_8 0.0126614279299506 0.534843286933094 0.303103277952402 0.0168792096991468 0.00851189941625505 0.025482712168837 0.00420745397395599 0.02182712168837 0.0550089806915132 0.0174746295464751
PD42835_1 0.00487905048982668 0.602415599095705 0.213529389600603 0.060810851544838 0.0712053504144687 0.0155033911077619 0.00119329314242653 0.00731650339110776 0.00187603617181613 0.0212705350414469
PD42835_9 0.0162107371794872 0.556086538461538 0.263711939102564 0.0206614583333333 0.0260424679487179 0.0633818108974359 0.00115665064102564 0.00383173076923077 0.0370741185897436 0.0118425480769231
PD42835_6 0.0129372533543804 0.7058681925809 0.17616771902131 0.0393018942383583 0.0319534333070245 0.0174348855564325 0.00204735595895817 0.00513772691397001 0.00896685082872928 0.000184688239936859
PD42835_3 0.00444784768211921 0.594238824503311 0.270956125827815 0.0358861754966887 0.0032512417218543 0.0072942880794702 0.000951986754966887 0.00538203642384106 0.0204954470198675 0.0570960264900662
PD42835_4 0.0141335215812828 0.592461476401775 0.290195240016136 0.0344493747478822 0.00725857200484066 0.00704840661557079 0.00322226704316257 0.0104231544977814 0.00832150060508269 0.0324864864864865
PD42835_2 0.00593243243243243 0.61677773826458 0.218589971550498 0.0568367709815078 0.0354697724039829 0.0183780227596017 0.00172119487908962 0.0144174964438122 0.0150953058321479 0.0167812944523471
PD42835_17 0.0088268156424581 0.635508379888268 0.250765363128492 0.0527653631284916 0.00427932960893855 0.0142849162011173 0.0170782122905028 0.0139329608938547 0.00227932960893855 0.000279329608938547
PD43400_2 0.0194837743384923 0.674311532700949 0.216599101347978 0.0296340489266101 0.00847928107838243 0.0066645032451323 0.0015416874687968 0.0417878182725911 0.0012491263105342 0.000249126310534199
PD43400_3 0.00875084427767355 0.728947842401501 0.127922326454034 0.0862720450281426 0.0140075046904315 0.0139050656660413 0.00124727954971857 0.0150960600375235 0.00303977485928705 0.00081125703564728
PD43400_4 0.0158431677018634 0.740673913043478 0.117737965838509 0.0695310559006211 0.000940605590062112 0.0278676242236025 0.00508385093167702 0.0215916149068323 0.000668866459627329 6.13354037267081e-05
PD43400_1 0.00595611896635787 0.724613359336909 0.241421257922964 0.00942857142857143 0.00373037542662116 0.00307459775719161 0.00150950755728913 0.00663139931740614 0.00246075085324232 0.0011740614334471
PD43400_9 0.00858281161070006 0.787554923164485 0.115284575981787 0.0169163346613546 0.0390756972111554 0.00540068298235629 0.00497666476949345 0.0114171883892999 0.000422310756972112 0.0103688104723961
PD43400_7 0.0153227586206897 0.779633103448276 0.1625 0.00870896551724138 0.00283379310344828 0.0112186206896552 0.00098551724137931 0.0139020689655172 0.00476965517241379 0.00012551724137931
PD43400_5 0.0074301578024547 0.727185271770894 0.174571595558153 0.00739362945645821 0.00541759205143191 0.0576928696668615 0.00255376972530684 0.0164330800701344 0.00103974284044418 0.0002822910578609
PD43400_8 0.06403125 0.7261171875 0.114734375 0.0145859375 0.00546875 0.02928125 0.0043203125 0.0345546875 0.00628125 0.000625
PD43401_1 0.0237769080234834 0.421379647749511 0.267402152641879 0.00944227005870841 0.238763209393346 0.0249500978473581 0.00154011741682975 0.0116037181996086 0.000774951076320939 0.00036692759295499
PD43401_5 0.0170603337612323 0.551490372272144 0.375005776636714 0.00957317073170732 0.00199486521181001 0.0350481386392811 0.00126636713735558 0.00660269576379974 0.00149614890885751 0.000462130937098845
PD43401_8 0.00525684210526316 0.587917894736842 0.353145263157895 0.0230736842105263 0.00317894736842105 0.0124968421052632 0.00264 0.0106863157894737 0.00148842105263158 0.000115789473684211
PD43401_3 0.00759630200308166 0.571476117103236 0.392607858243451 0.00516640986132512 0.00745608628659476 0.00928813559322034 0.00122419106317411 0.00402696456086287 0.0010231124807396 0.00013482280431433
PD43401_2 0.0199878378378378 0.582471621621622 0.359095945945946 0.00626351351351351 0.0062527027027027 0.0125256756756757 0.00142837837837838 0.00833783783783784 0.00340810810810811 0.000228378378378378
PD43401_4 0.00276739926739927 0.497038461538462 0.474517094017094 0.00731501831501831 0.00103785103785104 0.0103888888888889 0.000916361416361416 0.0045964590964591 0.00125335775335775 0.000169108669108669
PD43401_7 0.00411019736842105 0.649496710526316 0.288162828947368 0.0410690789473684 0.00185361842105263 0.00474177631578947 0.00418421052631579 0.00333717105263158 0.00281414473684211 0.000230263157894737
PD43401_9 0.00825 0.668172077922078 0.238512987012987 0.0226136363636364 0.00921753246753247 0.0396688311688312 0.00246753246753247 0.00875324675324675 0.00219805194805195 0.000146103896103896
PD43402_8 0.0231049136786189 0.685495683930943 0.202962483399734 0.0523745019920319 0.0114103585657371 0.00901128818061089 0.0011636786188579 0.0130999335989376 0.00132403718459495 5.31208499335989e-05
PD43402_5 0.0079870340356564 0.644128038897893 0.304325364667747 0.0194987844408428 0.00932779578606159 0.00301499189627229 0.00439262560777958 0.00573581847649919 0.00144732576985413 0.000142220421393841
PD43402_18 0.00776782884310618 0.697495245641838 0.22871236133122 0.0206870047543582 0.0332559429477021 0.00433042789223455 0.00428526148969889 0.00254675118858954 0.000806656101426307 0.000112519809825674
PD43402_10 0.0264384236453202 0.573736101337087 0.302379310344828 0.0397543983110486 0.00615200562983814 0.00487403237156932 0.00217382125263899 0.0380154820548909 0.00631878958479944 0.000157635467980296
PD43402_17 0.00639676113360324 0.802881241565452 0.085 0.0923522267206478 0.00391497975708502 0.0032442645074224 0.00265991902834008 0.00178677462887989 0.00150067476383266 0.000263157894736842
PD43402_23 0.0076984126984127 0.652486772486772 0.302691358024691 0.00888183421516755 0.00234391534391534 0.0178624338624339 0.00255202821869489 0.0044373897707231 0.000848324514991182 0.000197530864197531
PD43402_2 0.0166269000460617 0.766392906494703 0.163457392906495 0.0128272685398434 0.00499539382772916 0.0296577614002764 0.00260432980193459 0.00211008751727315 0.00123030861354215 9.76508521418701e-05
PD43402_6 0.00468150134048257 0.615188203753351 0.22986327077748 0.0116139410187668 0.109082573726542 0.00611099195710456 0.00433243967828418 0.0183436997319035 0.000708310991957105 7.50670241286863e-05
PD43402_12 0.00519570222563315 0.67172755180353 0.266635456638527 0.0287797390636992 0.00362701458173446 0.00323330775134305 0.00286415963161934 0.0160107444359171 0.00171603990790484 0.000210283960092095
PD43402_4 0.0167085106382979 0.656132446808511 0.218889361702128 0.0410829787234043 0.0409771276595745 0.0125515957446809 0.00176542553191489 0.00774468085106383 0.00387234042553191 0.000275531914893617
PD43402_11 0.00688851634534786 0.617414920368818 0.316585079631182 0.0185515507124895 0.00160771165129925 0.0139941324392288 0.00272003352891869 0.0201240569991618 0.00139145012573345 0.00072254819782062
PD43402_21 0.0182046875 0.7250890625 0.2073 0.0065328125 0.0055015625 0.0107109375 0.0018234375 0.021890625 0.0022953125 0.0006515625
PD43402_9 0.00888185926404132 0.63281471917366 0.285916074887024 0.0152130406714009 0.00637830858618464 0.00985926404131698 0.00221045836023241 0.0343653970303422 0.00407876049063912 0.000282117495158167
PD43402_1 0.0192548780487805 0.67779837398374 0.237714227642276 0.0112044715447154 0.00954715447154472 0.03585 0.00168089430894309 0.00533130081300813 0.00153983739837398 7.88617886178862e-05
PD43402_7 0.00907855421686747 0.62160578313253 0.203213493975904 0.0542077108433735 0.0644033734939759 0.0271802409638554 0.00111855421686747 0.0163802409638554 0.00272096385542169 9.10843373493976e-05
PD43402_3 0.00891833333333333 0.754495 0.156408333333333 0.0500016666666667 0.00156333333333333 0.006795 0.01276 0.0056 0.00301333333333333 0.000445
PD43402_19 0.0111635124905375 0.613828160484481 0.0777956093868282 0.0406835730507192 0.216164269492808 0.035559424678274 0.00175170325510977 0.00212490537471612 0.000781983345950038 0.000146858440575322
PD43402_22 0.0151340206185567 0.53940206185567 0.37919587628866 0.030979381443299 0.0144639175257732 0.00991752577319588 0.00189690721649485 0.00715463917525773 0.00163917525773196 0.000216494845360825
PD43402_16 0.0173030303030303 0.783242424242424 0.125674242424242 0.0205151515151515 0.0158333333333333 0.0117878787878788 0.00317424242424242 0.018530303030303 0.00281060606060606 0.00112878787878788
PD43403_9 0.00392556508183944 0.805551052221356 0.117913484021824 0.0350888542478566 0.00208495713172253 0.0301882307092751 0.00205884645362432 0.00250233826968044 0.000590802805923617 9.58690568978956e-05
PD43403_7 0.00543407960199005 0.788256633499171 0.138982172470978 0.0458134328358209 0.00370771144278607 0.00894402985074627 0.00264262023217247 0.00519651741293532 0.000859452736318408 0.00016334991708126
PD43403_4 0.00586697247706422 0.802549148099607 0.115697247706422 0.0327096985583224 0.00239842726081258 0.00502948885976409 0.00474836173001311 0.0283086500655308 0.00082437745740498 0.00186762778505898
PD43403_5 0.00729177545691906 0.802741514360313 0.0848916449086162 0.028105091383812 0.00721801566579634 0.0062813315926893 0.0247382506527415 0.0225718015665796 0.0160039164490862 0.000156657963446475
PD43403_3 0.00961993569131833 0.69071575562701 0.101587138263666 0.033887459807074 0.122702893890675 0.0297498392282958 0.00285016077170418 0.00797942122186495 0.000859163987138264 4.82315112540193e-05
PD43403_1 0.00938486842105263 0.696013157894737 0.185330592105263 0.0107516447368421 0.00287993421052632 0.0529671052631579 0.0223371710526316 0.0178980263157895 0.00171546052631579 0.000722039473684211
PD43403_2 0.00803559322033898 0.761786440677966 0.163159322033898 0.0325101694915254 0.00250847457627119 0.00708135593220339 0.00309830508474576 0.0208830508474576 0.000866101694915254 7.11864406779661e-05
PD43403_8 0.0115307167235495 0.818936860068259 0.102107508532423 0.0112064846416382 0.00629180887372014 0.0330904436860068 0.00530887372013652 0.00628156996587031 0.00452730375426621 0.000718430034129693
PD43850_12 0.0120570641479732 0.65153404171586 0.230984651711924 0.00905548996458087 0.00776426603699331 0.0374376229830775 0.0341798504525777 0.0160413223140496 0.000868162140889414 7.75285320739866e-05
PD43850_5 0.00961547811993517 0.606742301458671 0.267712317666126 0.0386920583468395 0.0562471636952998 0.0113529173419773 0.00151742301458671 0.00666936790923825 0.000713128038897893 0.000737844408427877
PD43850_3 0.00315757078375051 0.681231021748051 0.253272876487485 0.0479729175215429 0.0010677061961428 0.00920024620434961 0.00169224456298728 0.00157488715633976 0.000273697168649979 0.000556832170701682
PD43850_4 0.00404222011385199 0.684991461100569 0.258602941176471 0.040738614800759 0.00209629981024668 0.00382590132827325 0.000643263757115749 0.0044753320683112 0.000554079696394687 2.98861480075901e-05
PD43850_14 0.0109597132127006 0.574355069989758 0.225283373164903 0.0609743939911232 0.115180949129396 0.00288084670536019 0.00272925913280983 0.00645134858313418 0.00099283031751451 0.000192215773301468
PD43850_18 0.044857805907173 0.648177637130802 0.213992405063291 0.00588860759493671 0.0155097046413502 0.0197067510548523 0.00638059071729958 0.0436814345991561 0.00172194092827004 8.31223628691983e-05
PD43850_9 0.00551971954425942 0.684920683610868 0.243932953549518 0.0436292725679229 0.0138992112182296 0.00209465381244522 0.00385801928133216 0.00179360210341805 0.000262489044697634 8.93952673093777e-05
PD43850_10 0.0172776533811017 0.695240483654277 0.227404388714734 0.0164782803403493 0.0012333184057322 0.0266274070756829 0.00125974025974026 0.0126757725033587 0.00158217644424541 0.000220779220779221
PD43850_6 0.0063606411398041 0.665578361531612 0.272721282279608 0.0375961709706144 0.00328984861976848 0.00444390026714158 0.00262555654496883 0.00576046304541407 0.000735529830810329 0.000888245770258237
PD43850_8 0.0367389688806317 0.678770088248955 0.212728286112401 0.00934370645610776 0.00103111936832327 0.0146915931258709 0.00224756154203437 0.0125908035299582 0.0317347886669763 0.000123084068741291
PD43850_17 0.0265646921278254 0.577040530007794 0.264004676539361 0.0361695245518316 0.0320954793452845 0.00587996882307093 0.00194777864380359 0.0526095089633671 0.00313561964146532 0.000552221356196415
PD43850_11 0.00955542071197411 0.692102346278317 0.255663834951456 0.0227188511326861 0.00520145631067961 0.00420509708737864 0.000581310679611651 0.00486003236245955 0.00504813915857605 6.35113268608414e-05
PD43850_20 0.0079422641509434 0.63098 0.27758641509434 0.0567011320754717 0.00322566037735849 0.00939924528301887 0.00209094339622642 0.00959547169811321 0.00224566037735849 0.000233207547169811
PD43850_13 0.0203336336336336 0.603446246246246 0.182204204204204 0.0508828828828829 0.11419039039039 0.00292372372372372 0.00983123123123123 0.013927027027027 0.0022003003003003 6.03603603603604e-05
PD43850_16 0.0396536485097636 0.699627954779034 0.166559095580678 0.0337766358341898 0.0124295991778006 0.00460157588215142 0.00302329564919493 0.039003425830764 0.00103973963686194 0.000285029119561494
PD43850_7 0.0127984901277584 0.689638211382114 0.237217770034843 0.00830952380952381 0.00122357723577236 0.0177816492450639 0.0161283391405343 0.0112903600464576 0.00497735191637631 0.00063472706155633
PD43850_1 0.011593515037594 0.71547462406015 0.199249060150376 0.0433843984962406 0.00259210526315789 0.0124046052631579 0.00218656015037594 0.00978806390977444 0.00321381578947368 0.000113251879699248
PD43850_15 0.0151394996209249 0.611483320697498 0.282512509476876 0.0406372251705838 0.0384469294920394 0.00316565579984837 0.00142228961334344 0.00350568612585292 0.00362585291887794 6.10310841546626e-05
PD43850_2 0.0173370535714286 0.672565290178571 0.160166294642857 0.0835083705357143 0.023125 0.0117661830357143 0.00355747767857143 0.019828125 0.00787834821428571 0.000267857142857143
PD43850_19 0.00240578313253012 0.656735421686747 0.312590361445783 0.0179286746987952 0.0012766265060241 0.00184433734939759 0.00265686746987952 0.00383421686746988 0.000502650602409639 0.000225060240963855
PD43850_33 0.0103307984790875 0.790760456273764 0.138692015209125 0.0227718631178707 0.00308745247148289 0.0141292775665399 0.00541825095057034 0.012467680608365 0.00215589353612167 0.000186311787072243
PD43850_26 0.00827536231884058 0.861304347826087 0.0765942028985507 0.0257971014492754 0.0087536231884058 0.00673913043478261 0.00263768115942029 0.00397101449275362 0.00543478260869565 0.000492753623188406
PD43851_13 0.00722764474083055 0.842427099120946 0.0677217338587451 0.0572603819339194 0.00112155198545014 0.00514943922400727 0.00127765989693847 0.0170645650197029 0.000470748711730828 0.000279175507729615
PD43851_5 0.00463606911447084 0.689378509719222 0.284257019438445 0.00726673866090713 0.0028110151187905 0.00448812095032397 0.0026463282937365 0.00335637149028078 0.000971922246220302 0.000187904967602592
PD43851_16 0.00475985286389911 0.850805044666316 0.0963988439306358 0.0275935365212822 0.000869416710457173 0.00431003678402522 0.00139096163951655 0.0120588544403573 0.0013507619548082 0.000462690488702049
PD43851_8 0.00570726643598616 0.864277162629758 0.0877602076124567 0.0103093425605536 0.000517301038062284 0.0116041522491349 0.00168581314878893 0.0156031141868512 0.00244636678200692 8.92733564013841e-05
PD43851_12 0.00731908548707753 0.749290506958251 0.0694020874751491 0.0628625745526839 0.0552157057654076 0.00532529821073559 0.00105715705765408 0.0472924950298211 0.00206933399602386 0.000165755467196819
PD43851_7 0.037503741394792 0.608766836276564 0.153051780903921 0.056984136486082 0.0139643819215804 0.00914486680634541 0.000735109248727926 0.0976432205926369 0.0127027835977252 0.00950314277162526
PD43851_10 0.00706706948640483 0.689067673716012 0.248719637462236 0.0187867069486405 0.000936555891238671 0.0226283987915408 0.0022392749244713 0.00641510574018127 0.00374864048338369 0.000390936555891239
PD43851_11 0.0117639894667544 0.776656023699802 0.118533574720211 0.00895227123107308 0.00111882817643186 0.0247620144832126 0.00877880184331797 0.0487564186965109 0.000518433179723502 0.000159644502962475
PD43851_9 0.00587477718360071 0.792939393939394 0.125485739750446 0.00917914438502674 0.00341087344028521 0.0388079322638146 0.00880169340463458 0.00985427807486631 0.00456417112299465 0.00108199643493761
PD43851_6 0.00401793185893604 0.734236700537956 0.190178123132098 0.0138971906754334 0.0397579199043634 0.0113771667662881 0.00111237298266587 0.00417931858936043 0.00114345487148834 9.98206814106396e-05
PD43851_3 0.00949253731343284 0.758977078891258 0.139105010660981 0.00931556503198294 0.00283155650319829 0.0606284648187633 0.0015772921108742 0.0153896588486141 0.00259061833688699 9.22174840085288e-05
PD43851_2 0.0114579831932773 0.762581932773109 0.179240021008403 0.00654569327731092 0.0050672268907563 0.0234227941176471 0.000595063025210084 0.0079952731092437 0.00296586134453782 0.000128151260504202
PD43851_21 0.0049375 0.905079545454545 0.0660965909090909 0.00932670454545455 0.00324715909090909 0.00339488636363636 0.00132386363636364 0.00550852272727273 0.000789772727272727 0.000295454545454545
PD43853_2 0.00649661181026137 0.564302032913843 0.204718780251694 0.057797192642788 0.0113576960309777 0.00845643756050339 0.142152952565344 0.00144530493707648 0.000322362052274927 0.00295062923523717
PD43853_1 0.00784564459930314 0.375243205574913 0.0817665505226481 0.0485679442508711 0.0964717770034843 0.0448149825783972 0.243228919860627 0.00746271777003484 0.000956794425087108 0.0936414634146341
PD43853_3 0.0058311377245509 0.124663073852295 0.0350459081836327 0.0122159680638723 0.0228758483033932 0.00221796407185629 0.354767265469062 0.00259121756487026 0.000761676646706587 0.43902994011976
PD43853_11 0.00714879497031086 0.563076493188963 0.088195249738037 0.0742532308767028 0.149688438700664 0.00246000698567936 0.11164163464897 0.00283758295494237 0.000652462451973454 4.61054837582955e-05
PD43853_8 0.00575884955752212 0.686449115044248 0.16258407079646 0.0401805309734513 0.00555221238938053 0.00740442477876106 0.0769517699115044 0.0127650442477876 0.00206017699115044 0.000293805309734513
PD43853_10 0.0233342995169082 0.581090821256039 0.0728328502415459 0.0156743961352657 0.0217536231884058 0.00555072463768116 0.251131400966184 0.0254724637681159 0.00268695652173913 0.000472463768115942
PD43853_6 0.0108678354686446 0.315409979770735 0.0944763991908294 0.0219763991908294 0.0292734322319622 0.00480276466621713 0.224800067430883 0.00522083614295347 0.00121948752528658 0.291952798381659
PD43853_7 0.0236521002710027 0.709161924119241 0.109818428184282 0.0566622628726287 0.0137903116531165 0.00349017615176152 0.0803523035230352 0.00230182926829268 0.000725271002710027 4.53929539295393e-05
PD43853_15 0.00845752895752896 0.731146718146718 0.165976833976834 0.0433899613899614 0.0118262548262548 0.00888223938223938 0.00227606177606178 0.0245617760617761 0.00244015444015444 0.00104247104247104
PD43853_21 0.00417978921264724 0.859290762554247 0.104429014259144 0.0219696218226906 0.00155734655920645 0.00288592684438934 0.00220086794792312 0.00244637321760694 0.00092684438933664 0.000113453192808431
PD43853_5 0.0081830985915493 0.290682092555332 0.130722736418511 0.022512676056338 0.0467505030181087 0.00780160965794769 0.432567404426559 0.00590784708249497 0.000441448692152917 0.054430583501006
